# Created by Octave 4.4.1, Thu Jan 03 14:09:26 2019 -03 <rodrigo@rodrigo-desktop>
# name: teste
# type: sparse complex matrix
# nnz: 100
# rows: 10
# columns: 10
1 1 (0.58407428550131313,0.63654938583328025)
2 1 (0.21461119980830118,0.49572458873836217)
3 1 (0.42828318510329827,0.24698482506411573)
4 1 (0.66196400311631287,0.33914570485029655)
5 1 (0.32733184701750312,0.23062497997518933)
6 1 (0.82074817472683814,0.033864512510443576)
7 1 (0.25911249062516523,0.28535940954114641)
8 1 (0.089579951812266231,0.70471700639946233)
9 1 (0.55962836598091492,0.99314552766800968)
10 1 (0.82555138607107825,0.44578942395564475)
1 2 (0.7511770424250036,0.95563647058971313)
2 2 (0.325810052972693,0.78228816995755424)
3 2 (0.18056926557965175,0.33057226891814756)
4 2 (0.13056399500567467,0.1779862314141622)
5 2 (0.58042573590841462,0.023976219590867976)
6 2 (0.98611231160595236,0.39727526885095282)
7 2 (0.51306136996615326,0.35725602321743638)
8 2 (0.11744369334484632,0.15425817915206491)
9 2 (0.78253261703887034,0.67560059593681021)
10 2 (0.7537426060229987,0.96324901509557659)
1 3 (0.1256331305029636,0.014791463427468111)
2 3 (0.34650501740339507,0.4813690037347314)
3 3 (0.79451637825001076,0.061892207317325629)
4 3 (0.77140319258929246,0.51134744477952343)
5 3 (0.091153521739142859,0.13841775638434456)
6 3 (0.40481376244695683,0.66280825964330603)
7 3 (0.6532597757761377,0.76368348058135183)
8 3 (0.940006190176499,0.81729944382011088)
9 3 (0.03476341629864059,0.10418931677203418)
10 3 (0.79249355039027414,0.97396636965609162)
1 4 (0.75783344781712803,0.0073888978144163618)
2 4 (0.96232640042313555,0.33914241379512894)
3 4 (0.33881164406967418,0.34305754550869522)
4 4 (0.73644402989227875,0.46958342299256656)
5 4 (0.16209809615379694,0.42560009866928311)
6 4 (0.92862152584843327,0.88964112804054174)
7 4 (0.84590411604657689,0.43937349173889567)
8 4 (0.55913864313010786,0.02911710582561582)
9 4 (0.26011854039691856,0.24589553859368679)
10 4 (0.11283004894058528,0.74863911366308733)
1 5 (0.0010087112010811917,0.85394412864370262)
2 5 (0.40153197282097658,0.55081292346147781)
3 5 (0.40158550240461272,0.41797930810272427)
4 5 (0.43458110472728245,0.83586909550191335)
5 5 (0.91218105426680429,0.3297580874232145)
6 5 (0.41696057971378503,0.56994476131744343)
7 5 (0.41771637638644837,0.40241936172471743)
8 5 (0.84425371991195641,0.36106177120558153)
9 5 (0.394851615022834,0.61346714550960357)
10 5 (0.14387087759747458,0.26847226611510083)
1 6 (0.33495313965908829,0.97046207651615768)
2 6 (0.86586869384481546,0.78149115152419013)
3 6 (0.35845092029869069,0.85479382746794652)
4 6 (0.2090039477519367,0.91564999859546448)
5 6 (0.1352819646080316,0.21527992537080259)
6 6 (0.88344695706449017,0.079588417247291751)
7 6 (0.72995348165684726,0.15728237734900691)
8 6 (0.092318676508014216,0.47084074290122796)
9 6 (0.39407713267651318,0.038866392380027912)
10 6 (0.73048147811129527,0.44108005517694787)
1 7 (0.34228675359277977,0.092394019757179022)
2 7 (0.57108504074392319,0.36861078059271407)
3 7 (0.089317988656150635,0.24071819494683261)
4 7 (0.0087218210712776585,0.38344073218021485)
5 7 (0.9193463669573827,0.2754967843396165)
6 7 (0.84392327085089525,0.057684385803003654)
7 7 (0.71848838758844225,0.41847113041332201)
8 7 (0.59654670610900173,0.71657414305146494)
9 7 (0.96245224670699336,0.3901677529520316)
10 7 (0.70970866979429459,0.90933630982217284)
1 8 (0.19061507473112743,0.8795116463665108)
2 8 (0.86837237245464427,0.31689219104600025)
3 8 (0.12147272006018432,0.19060037496145726)
4 8 (0.185017744670744,0.80162144734899954)
5 8 (0.32510864490005259,0.57472626494146428)
6 8 (0.14758234929053554,0.83091636045066453)
7 8 (0.71094589506503214,0.33183891194871268)
8 8 (0.36330260015256927,0.50315832021577966)
9 8 (0.52920728143741957,0.71944960929207868)
10 8 (0.25753696540465448,0.71703567884002939)
1 9 (0.62026894899246021,0.10989774585416594)
2 9 (0.80139707162229612,0.73907262099028248)
3 9 (0.090813546479787718,0.79106708770890632)
4 9 (0.25944423699501101,0.68354164103555037)
5 9 (0.033382927385348468,0.58811710839696485)
6 9 (0.1032562759634003,0.78178101642435216)
7 9 (0.61698517129140384,0.31323389968825238)
8 9 (0.15046155381276111,0.27024746273072769)
9 9 (0.52959453336702345,0.14225604362810401)
10 9 (0.27242905820475577,0.66448276893190317)
1 10 (0.02581367107329351,0.95903956693805636)
2 10 (0.84885184688613735,0.74469911251174414)
3 10 (0.76755042702764409,0.46769676953760003)
4 10 (0.076798281031497259,0.976593354618151)
5 10 (0.79590496175415693,0.5410811338755066)
6 10 (0.43637487599550678,0.84928456477632308)
7 10 (0.32518081025147133,0.47544646112172445)
8 10 (0.68029919054739219,0.75686040780388819)
9 10 (0.083867594722605562,0.6636509001577362)
10 10 (0.91998570574500227,0.60522796308462767)


