# Created by iota.sparse.eigs.arpack
# name: EVALS
# type: complex matrix
# rows: 15
# columns: 1
 (-4.49395920743494237e+00,0.00000000000000000e+00)
 (-2.04891733952230615e+00,0.00000000000000000e+00)
 (-1.10991626417474087e+00,0.00000000000000000e+00)
 (-2.04891733952230659e+00,0.00000000000000000e+00)
 (-2.80193773580484340e+00,0.00000000000000000e+00)
 (-2.80193773580483807e+00,0.00000000000000000e+00)
 (-6.92021471630093310e-01,0.00000000000000000e+00)
 (-6.92021471630093865e-01,0.00000000000000000e+00)
 (-3.56895867892211616e-01,0.00000000000000000e+00)
 (-2.80193773580483185e+00,0.00000000000000000e+00)
 (-2.80193773580484118e+00,0.00000000000000000e+00)
 (-1.44504186791263067e+00,0.00000000000000000e+00)
 (-1.44504186791263201e+00,0.00000000000000000e+00)
 (-1.44504186791262934e+00,0.00000000000000000e+00)
 (-1.44504186791263067e+00,0.00000000000000000e+00)
