# Created by iota.sparse.eigs.arpack
# name: EVECS
# type: complex matrix
# rows: 35
# columns: 15
 (-6.35774097018041301e-02,0.00000000000000000e+00) (-1.17967928120493198e-01,0.00000000000000000e+00) (2.57419676543547749e-01,0.00000000000000000e+00) (1.64011872940864945e-01,0.00000000000000000e+00) (7.50848226389074502e-02,0.00000000000000000e+00) (-7.70668028986815495e-02,0.00000000000000000e+00) (1.86059562355496588e-01,0.00000000000000000e+00) (-3.12908323634338070e-01,0.00000000000000000e+00) (-2.03996350906426066e-01,0.00000000000000000e+00) (1.33332874435298315e-01,0.00000000000000000e+00) (1.39806374942185424e-01,0.00000000000000000e+00) (-5.08851837308509983e-02,0.00000000000000000e+00) (-2.06070184760321186e-03,0.00000000000000000e+00) (-3.16312920201021752e-01,0.00000000000000000e+00) (4.04548327124955101e-02,0.00000000000000000e+00)
 (-1.42857142857142905e-01,0.00000000000000000e+00) (-2.80753019576067464e-01,0.00000000000000000e+00) (1.42857142857142294e-01,0.00000000000000000e+00) (5.30131593111062629e-02,0.00000000000000000e+00) (1.60648850805824001e-01,0.00000000000000000e+00) (-1.31722695032163231e-02,0.00000000000000000e+00) (2.00144439535524521e-01,0.00000000000000000e+00) (-2.75414206899914256e-02,0.00000000000000000e+00) (-1.51979444209233483e-01,0.00000000000000000e+00) (1.11950814941202514e-01,0.00000000000000000e+00) (2.89714398462934730e-01,0.00000000000000000e+00) (1.96343812035616683e-01,0.00000000000000000e+00) (1.07899502003803938e-01,0.00000000000000000e+00) (-2.64070110764475119e-01,0.00000000000000000e+00) (5.02270956290336718e-02,0.00000000000000000e+00)
 (-1.78139943388209460e-01,0.00000000000000000e+00) (-5.46778456341825703e-02,0.00000000000000000e+00) (-6.35774097018038664e-02,0.00000000000000000e+00) (-1.94490770288506309e-01,0.00000000000000000e+00) (-3.70786822067135230e-02,0.00000000000000000e+00) (1.34189786479871676e-01,0.00000000000000000e+00) (-6.51188673339029578e-02,0.00000000000000000e+00) (-6.19976383899552425e-02,0.00000000000000000e+00) (1.72905216583151805e-01,0.00000000000000000e+00) (3.28705764739112838e-02,0.00000000000000000e+00) (2.89519952894258858e-01,0.00000000000000000e+00) (3.08111700320107151e-01,0.00000000000000000e+00) (-6.11327948628852189e-02,0.00000000000000000e+00) (-2.66429595374852279e-01,0.00000000000000000e+00) (-6.07563865011747709e-02,0.00000000000000000e+00)
 (-1.42857142857142794e-01,0.00000000000000000e+00) (2.67248706929212765e-01,0.00000000000000000e+00) (1.42857142857143071e-01,0.00000000000000000e+00) (-1.01048412683665711e-01,0.00000000000000000e+00) (-2.59074102765160519e-01,0.00000000000000000e+00) (9.82319266890198384e-02,0.00000000000000000e+00) (-1.76854278397931344e-02,0.00000000000000000e+00) (2.01254943225590677e-01,0.00000000000000000e+00) (1.94683506081623131e-01,0.00000000000000000e+00) (1.07275783714705461e-01,0.00000000000000000e+00) (1.84856657103882077e-01,0.00000000000000000e+00) (3.35384867726461533e-01,0.00000000000000000e+00) (6.09745836887376352e-02,0.00000000000000000e+00) (-7.66768444812018918e-02,0.00000000000000000e+00) (-1.92023893391261476e-02,0.00000000000000000e+00)
 (-6.35774097018039913e-02,0.00000000000000000e+00) (1.86150086401531661e-01,0.00000000000000000e+00) (2.57419676543549358e-01,0.00000000000000000e+00) (7.85141507202026523e-02,0.00000000000000000e+00) (-1.57843843669040501e-01,0.00000000000000000e+00) (-1.52421382731434268e-02,0.00000000000000000e+00) (-3.03399706717322915e-01,0.00000000000000000e+00) (2.01192439488694086e-01,0.00000000000000000e+00) (-1.16129275491155988e-02,0.00000000000000000e+00) (1.30738427838391097e-01,0.00000000000000000e+00) (8.16147186626646898e-02,0.00000000000000000e+00) (2.61537232485821225e-01,0.00000000000000000e+00) (-1.07500036207664920e-01,0.00000000000000000e+00) (1.04755927011488503e-01,0.00000000000000000e+00) (-1.15551803907568390e-01,0.00000000000000000e+00)
 (-1.42857142857142794e-01,0.00000000000000000e+00) (-2.84626028057480829e-01,0.00000000000000000e+00) (1.42857142857142461e-01,0.00000000000000000e+00) (-2.49133942578398833e-02,0.00000000000000000e+00) (1.12816590386178583e-01,0.00000000000000000e+00) (-5.51021514944549373e-02,0.00000000000000000e+00) (1.46320766716463685e-01,0.00000000000000000e+00) (1.39307428940881189e-01,0.00000000000000000e+00) (-9.59551560231484413e-02,0.00000000000000000e+00) (-1.27430412449730718e-01,0.00000000000000000e+00) (3.00743477749805255e-01,0.00000000000000000e+00) (4.51494380703526266e-02,0.00000000000000000e+00) (2.29886223856429955e-01,0.00000000000000000e+00) (2.27562734632046376e-01,0.00000000000000000e+00) (-1.25610643345157147e-01,0.00000000000000000e+00)
 (-2.57419676543548359e-01,0.00000000000000000e+00) (-1.33649419317004386e-01,0.00000000000000000e+00) (-1.78139943388209543e-01,0.00000000000000000e+00) (-1.51506301013653449e-01,0.00000000000000000e+00) (-1.48620112752280098e-01,0.00000000000000000e+00) (-6.70625609557364138e-02,0.00000000000000000e+00) (2.20533677992388981e-02,0.00000000000000000e+00) (-2.50960809349628222e-01,0.00000000000000000e+00) (8.66423111983453120e-02,0.00000000000000000e+00) (-2.70172767478001008e-01,0.00000000000000000e+00) (2.71601651303923441e-01,0.00000000000000000e+00) (2.18340244604531379e-02,0.00000000000000000e+00) (-1.15660196912326985e-01,0.00000000000000000e+00) (7.56652223809302915e-02,0.00000000000000000e+00) (-1.71234543616353707e-01,0.00000000000000000e+00)
 (-2.57419676543548304e-01,0.00000000000000000e+00) (1.86150086401531606e-01,0.00000000000000000e+00) (-1.78139943388209904e-01,0.00000000000000000e+00) (7.85141507202022498e-02,0.00000000000000000e+00) (-3.86002591727333866e-01,0.00000000000000000e+00) (-1.35898729037831650e-01,0.00000000000000000e+00) (2.09959111534661291e-01,0.00000000000000000e+00) (-1.39229488055815059e-01,0.00000000000000000e+00) (4.14460585641093955e-03,0.00000000000000000e+00) (3.97565706307050348e-02,0.00000000000000000e+00) (6.55671868509809935e-02,0.00000000000000000e+00) (2.32780559522738351e-02,0.00000000000000000e+00) (1.31963709175677207e-01,0.00000000000000000e+00) (7.53928432176528412e-02,0.00000000000000000e+00) (-1.58934361742931074e-01,0.00000000000000000e+00)
 (-1.42857142857142821e-01,0.00000000000000000e+00) (1.14157432852460772e-01,0.00000000000000000e+00) (1.42857142857143460e-01,0.00000000000000000e+00) (2.61917417492156190e-01,0.00000000000000000e+00) (-1.83194519175603948e-01,0.00000000000000000e+00) (-1.40939449090895064e-01,0.00000000000000000e+00) (-1.92273683694868275e-01,0.00000000000000000e+00) (-6.20254551697755688e-02,0.00000000000000000e+00) (-1.98828111938034097e-01,0.00000000000000000e+00) (2.59045150765480681e-01,0.00000000000000000e+00) (4.38227029141340790e-02,0.00000000000000000e+00) (4.25473832335489313e-02,0.00000000000000000e+00) (-2.16316636810937435e-01,0.00000000000000000e+00) (2.28053544924802343e-01,0.00000000000000000e+00) (-1.47774805220140193e-01,0.00000000000000000e+00)
 (-1.78139943388209543e-01,0.00000000000000000e+00) (-1.86150086401531245e-01,0.00000000000000000e+00) (-6.35774097018041856e-02,0.00000000000000000e+00) (-7.85141507202019029e-02,0.00000000000000000e+00) (-1.26665461569363064e-01,0.00000000000000000e+00) (-1.35214169464508704e-01,0.00000000000000000e+00) (7.49335393330408384e-02,0.00000000000000000e+00) (-4.96904289758682213e-02,0.00000000000000000e+00) (-1.67811665175074953e-02,0.00000000000000000e+00) (-2.44190948084710785e-01,0.00000000000000000e+00) (-1.01625663521842630e-01,0.00000000000000000e+00) (1.67790968611764707e-01,0.00000000000000000e+00) (-3.23998722955740948e-01,0.00000000000000000e+00) (-5.18454782837769121e-02,0.00000000000000000e+00) (1.93724471946844223e-01,0.00000000000000000e+00)
